0.765225781551525
0.713073974390343
0.263355726167626
0.282090587247710
0.970946579194002
0.985115195443955
0.328821140603849
0.319997643176997
0.511384903306301
0.534620098039216
0.472832954258277
0.523622433945585
0.565705213019317
0.667585636501482
0.587230287960215
0.567188859878155
0.959343337180967
0.877326317840787
0.762703605735765
0.768196947811342
0.646620046620047
0.638415245737212
0.379038879497706
0.468429175333825
0.613164843455300
0.627404604225796
0.939149001067561
0.947189402076620
0.857703158329319
0.788047867263784
0.398279041180086
0.582461438895481
0.485183259682870
0.403471756018030
0.544363751184086
0.363334912363809
0.500163612565445
0.598622015702612
0.228395886202751
0.182190498478821
0.765587529976019
0.710526315789474
0.648747016706444
0.508091778752787
0.572992316598253
0.474198804997284
0.525838073338981
0.538535427731947
0.433915211970075
0.455902306648575
0.479049354090759
0.533506182688472
0.554186202277294
0.659801776290385
0.388622192793688
0.353427126620938
0.337381818181818
0.405465147299821
0.755900301448423
0.673416024136775
0.620014462924848
0.752444673185795
0.502900537917941
0.356980820787791
0.760690601417791
0.547112931900750
0.408925732455144
0.397251833138209
0.739826302729529
0.832467532467533
0.808326463314097
0.661971830985916
0.840248158200853
0.885067873303167
0.854251012145749
0.932926829268293
1
1
0.960625361899247
1
0.447056099114225
0.344275802254987
0.789926869544704
0.815851685952470
0.464797655816900
0.517069828408008
0.371210808938160
0.349154589371981
0.728642820603628
0.675829931727053
0.398989898989899
0.369840753981150
1
[]
0.926657263751763
0.969090909090909
0.369113391212839
0.370592041410547
0.401112269725408
0.405120739852715
[]
[]
[]
[]
[]
[]
[]
1
[]
0.876811594202899
0.749837556855101
0.672955974842767
0.774193548387097
[]
[]
[]